"index","SiteName","NeighborName","Distance"
"97","SM-04","HOBO-315",449.751042244484
"193","SM-04","HOBO-308",642.12537716555
"3937","SM-04","248762",801.064292051518
"2593","SM-04","SM-02",943.585714177573
"289","SM-04","HOBO-310",1119.062554105
"2","HOBO-315","SM-04",449.751042244484
"482","HOBO-315","HOBO-317",875.045141692701
"194","HOBO-315","HOBO-308",951.641213903643
"386","HOBO-315","HOBO-312",1057.68284471291
"3938","HOBO-315","248762",1068.99017769108
"3","HOBO-308","SM-04",642.12537716555
"2595","HOBO-308","SM-02",701.276692896606
"291","HOBO-308","HOBO-310",703.957385073841
"99","HOBO-308","HOBO-315",951.641213903643
"387","HOBO-308","HOBO-312",1180.94877111583
"388","HOBO-310","HOBO-312",671.181048600152
"196","HOBO-310","HOBO-308",703.957385073841
"484","HOBO-310","HOBO-317",1056.40569858365
"4","HOBO-310","SM-04",1119.062554105
"100","HOBO-310","HOBO-315",1166.8028968082
"485","HOBO-312","HOBO-317",464.294087836578
"293","HOBO-312","HOBO-310",671.181048600152
"101","HOBO-312","HOBO-315",1057.68284471291
"197","HOBO-312","HOBO-308",1180.94877111583
"5","HOBO-312","SM-04",1267.21939694751
"390","HOBO-317","HOBO-312",464.294087836578
"102","HOBO-317","HOBO-315",875.045141692701
"294","HOBO-317","HOBO-310",1056.40569858365
"6","HOBO-317","SM-04",1226.93928130124
"198","HOBO-317","HOBO-308",1373.34081713171
"871","622337","700239",607.378794493189
"1543","622337","700226",1095.30361087691
"9031","622337","593665",1552.62648438058
"679","622337","594580",2000.14324487023
"775","622337","544292",2973.58537795705
"968","594580","601725",1175.66024003536
"872","594580","700239",1393.12598138144
"776","594580","544292",1428.96640968219
"584","594580","622337",2000.14324487023
"6248","594580","HOBO-357",2537.05025571036
"6345","544292","HOBO-353",1191.89974410602
"6537","544292","HOBO-351",1194.44924546839
"6249","544292","HOBO-357",1285.46372955444
"681","544292","594580",1428.96640968219
"6153","544292","HOBO-347",1493.32648807955
"586","700239","622337",607.378794493189
"682","700239","594580",1393.12598138144
"1546","700239","700226",1688.77026264676
"9034","700239","593665",2088.18485771734
"778","700239","544292",2444.6236929229
"683","601725","594580",1175.66024003536
"779","601725","544292",1806.16721263564
"1067","601725","647830",2415.82553177998
"875","601725","700239",2496.84621072264
"6347","601725","HOBO-353",2711.60930076588
"1164","647830","652934",719.836092454386
"1260","647830","650846",1805.02326854808
"972","647830","601725",2415.82553177998
"1356","647830","642613",2682.68522193715
"684","647830","594580",3509.20646300556
"1069","652934","647830",719.836092454386
"1261","652934","650846",1089.73437130339
"1357","652934","642613",1972.02535480658
"973","652934","601725",3064.68024433219
"8173","652934","400605",3987.38272554818
"1358","650846","642613",884.414495584508
"1166","650846","652934",1089.73437130339
"1070","650846","647830",1805.02326854808
"8174","650846","400605",3443.66810247445
"974","650846","601725",4038.91866716823
"1263","642613","650846",884.414495584508
"1167","642613","652934",1972.02535480658
"1071","642613","647830",2682.68522193715
"8175","642613","400605",3132.24983039348
"8463","642613","372502",4434.56705891342
"6160","SM-PG","HOBO-347",988.344575540332
"5296","SM-PG","134101",1049.81950829655
"5968","SM-PG","HOBO-211",1245.1610337623
"6352","SM-PG","HOBO-353",1419.71405571685
"1744","SM-PG","HOBO-335",1706.98799058459
"9041","700226","593665",609.026272011315
"593","700226","622337",1095.30361087691
"881","700226","700239",1688.77026264676
"6929","700226","HOBO-060",2809.88042450208
"6641","700226","HOBO-032",2871.0210727196
"2610","HOBO-304","SM-02",1265.28455297613
"5778","HOBO-304","268413",1321.85475752822
"2706","HOBO-304","SM-01",1415.03074171553
"4818","HOBO-304","SM-03",1478.0030446518
"5682","HOBO-304","279822",1530.61588911131
"5971","HOBO-335","HOBO-211",593.917502688715
"6067","HOBO-335","HOBO-341",1119.19703359149
"4915","HOBO-335","HOBO-349",1145.19954593075
"5395","HOBO-335","130102",1252.95889796912
"6547","HOBO-335","HOBO-351",1411.55375384716
"2804","HOBO-053","HOBO-055",501.04889980919
"1940","HOBO-053","SM-05",558.65731893532
"2900","HOBO-053","SM-07",605.516308616044
"2036","HOBO-053","HOBO-063",831.828107243317
"4244","HOBO-053","HOBO-242",1012.08102442443
"2805","SM-05","HOBO-055",464.224083821596
"1845","SM-05","HOBO-053",558.65731893532
"2037","SM-05","HOBO-063",941.475437810249
"4245","SM-05","HOBO-242",945.719831662634
"2901","SM-05","SM-07",1152.42353325503
"1846","HOBO-063","HOBO-053",831.828107243317
"2134","HOBO-063","SM-09",909.092954543153
"1942","HOBO-063","SM-05",941.475437810249
"2902","HOBO-063","SM-07",948.889877699199
"2806","HOBO-063","HOBO-055",1235.14209708843
"2039","SM-09","HOBO-063",909.092954543153
"2903","SM-09","SM-07",1373.306229506
"1847","SM-09","HOBO-053",1604.92367419762
"2327","SM-09","SM-08",1692.76844252249
"1943","SM-09","SM-05",1844.1024917287
"2328","HOBO-265","SM-08",1029.79075544501
"3864","HOBO-265","258173",1256.22808438595
"504","HOBO-265","HOBO-317",1434.56648503999
"2424","HOBO-265","HOBO-273",1488.46397336314
"408","HOBO-265","HOBO-312",1553.74386563552
"2233","SM-08","HOBO-265",1029.79075544501
"2521","SM-08","HOBO-270",1214.83908399425
"2425","SM-08","HOBO-273",1332.80531211426
"2137","SM-08","SM-09",1692.76844252249
"409","SM-08","HOBO-312",1993.33715161284
"2522","HOBO-273","HOBO-270",738.801732537221
"2330","HOBO-273","SM-08",1332.80531211426
"2234","HOBO-273","HOBO-265",1488.46397336314
"3482","HOBO-273","081090",1533.85690336485
"3770","HOBO-273","150801",1771.32972650492
"2427","HOBO-270","HOBO-273",738.801732537221
"2331","HOBO-270","SM-08",1214.83908399425
"2235","HOBO-270","HOBO-265",1844.25621864208
"3483","HOBO-270","081090",2232.39624618928
"3579","HOBO-270","135431",2456.71833957416
"220","SM-02","HOBO-308",701.276692896606
"28","SM-02","SM-04",943.585714177573
"3964","SM-02","248762",1094.74471910122
"1660","SM-02","HOBO-304",1265.28455297613
"316","SM-02","HOBO-310",1380.53069505897
"4061","SM-01","HOBO-016",379.328353804458
"4829","SM-01","SM-03",1151.13205150408
"1661","SM-01","HOBO-304",1415.03074171553
"4157","SM-01","HOBO-036",1602.33735524077
"2621","SM-01","SM-02",1770.91755878132
"1950","HOBO-055","SM-05",464.224083821596
"1854","HOBO-055","HOBO-053",501.04889980919
"4254","HOBO-055","HOBO-242",545.404437092329
"2910","HOBO-055","SM-07",1054.93886078768
"2046","HOBO-055","HOBO-063",1235.14209708843
"1855","SM-07","HOBO-053",605.516308616044
"2047","SM-07","HOBO-063",948.889877699199
"2815","SM-07","HOBO-055",1054.93886078768
"1951","SM-07","SM-05",1152.42353325503
"2143","SM-07","SM-09",1373.306229506
"3104","146764","129276",819.015262373052
"3776","146764","150801",910.711809520443
"3680","146764","150802",1072.01679091328
"3296","146764","161191",1106.91011378522
"3488","146764","081090",1481.34870979118
"3009","129276","146764",819.015262373052
"3777","129276","150801",1188.04124507527
"3489","129276","081090",1307.48766724585
"3681","129276","150802",1874.83812634585
"3297","129276","161191",1888.95420802094
"3298","179439","161191",866.782556354245
"3682","179439","150802",1064.53088259571
"3874","179439","258173",1337.36793740541
"3010","179439","146764",1919.13991152287
"514","179439","HOBO-317",2283.80581486255
"3683","161191","150802",708.227364622407
"3203","161191","179439",866.782556354245
"3011","161191","146764",1106.91011378522
"3875","161191","258173",1444.18316012894
"3779","161191","150801",1715.65789130584
"3588","124031","135431",614.293903599897
"3492","124031","081090",1794.9052899805
"3108","124031","129276",2440.01168029991
"2436","124031","HOBO-273",2527.7666031499
"3780","124031","150801",2540.89059189883
"3781","081090","150801",760.95334942426
"3589","081090","135431",1194.54845025223
"3109","081090","129276",1307.48766724585
"3013","081090","146764",1481.34870979118
"2437","081090","HOBO-273",1533.85690336485
"3398","135431","124031",614.293903599897
"3494","135431","081090",1194.54845025223
"3782","135431","150801",1950.41328953635
"2438","135431","HOBO-273",1999.58620719388
"3110","135431","129276",2021.10712234656
"3303","150802","161191",708.227364622407
"3879","150802","258173",809.311435727928
"3207","150802","179439",1064.53088259571
"3015","150802","146764",1072.01679091328
"3783","150802","150801",1257.58498718774
"3496","150801","081090",760.95334942426
"3016","150801","146764",910.711809520443
"3112","150801","129276",1188.04124507527
"3688","150801","150802",1257.58498718774
"3880","150801","258173",1575.98255066482
"3689","258173","150802",809.311435727928
"2249","258173","HOBO-265",1256.22808438595
"3209","258173","179439",1337.36793740541
"3305","258173","161191",1444.18316012894
"521","258173","HOBO-317",1475.05728702312
"42","248762","SM-04",801.064292051518
"5898","248762","252447",920.961454133668
"138","248762","HOBO-315",1068.99017769108
"2634","248762","SM-02",1094.74471910122
"234","248762","HOBO-308",1283.6545485449
"2731","HOBO-016","SM-01",379.328353804458
"4843","HOBO-016","SM-03",1108.74749154169
"4171","HOBO-016","HOBO-036",1358.66147365707
"1675","HOBO-016","HOBO-304",1734.79970025361
"6763","HOBO-016","HOBO-014",1903.06542189174
"4364","HOBO-036","SM-06",779.051987995666
"4268","HOBO-036","HOBO-242",1168.19904125966
"6860","HOBO-036","HOBO-040",1352.56238303451
"4076","HOBO-036","HOBO-016",1358.66147365707
"2732","HOBO-036","SM-01",1602.33735524077
"2829","HOBO-242","HOBO-055",545.404437092329
"4365","HOBO-242","SM-06",737.371683752502
"1965","HOBO-242","SM-05",945.719831662634
"1869","HOBO-242","HOBO-053",1012.08102442443
"4173","HOBO-242","HOBO-036",1168.19904125966
"4270","SM-06","HOBO-242",737.371683752502
"4174","SM-06","HOBO-036",779.051987995666
"2830","SM-06","HOBO-055",1263.3388302431
"1966","SM-06","SM-05",1587.87940348126
"6862","SM-06","HOBO-040",1587.90585363239
"4559","HOBO-331","HOBO-333",648.463568753095
"4751","HOBO-331","HOBO-233",1362.97615533068
"4655","HOBO-331","HOBO-216",1493.89725215625
"6959","HOBO-331","HOBO-060",3564.37932885937
"1967","HOBO-331","SM-05",3960.95354681168
"4464","HOBO-333","HOBO-331",648.463568753095
"4656","HOBO-333","HOBO-216",867.172416535489
"4752","HOBO-333","HOBO-233",908.777750607925
"6960","HOBO-333","HOBO-060",3165.58004163534
"4368","HOBO-333","SM-06",3979.80514598391
"4753","HOBO-216","HOBO-233",595.829673648435
"4561","HOBO-216","HOBO-333",867.172416535489
"4465","HOBO-216","HOBO-331",1493.89725215625
"6961","HOBO-216","HOBO-060",2526.4000079164
"4369","HOBO-216","SM-06",3793.5061618508
"4658","HOBO-233","HOBO-216",595.829673648435
"4562","HOBO-233","HOBO-333",908.777750607925
"4466","HOBO-233","HOBO-331",1362.97615533068
"6962","HOBO-233","HOBO-060",2257.7528651294
"4370","HOBO-233","SM-06",3248.10406237239
"4083","SM-03","HOBO-016",1108.74749154169
"4947","SM-03","HOBO-349",1116.38926902761
"2739","SM-03","SM-01",1151.13205150408
"1683","SM-03","HOBO-304",1478.0030446518
"6483","SM-03","HOBO-345",1708.0825506983
"4852","HOBO-349","SM-03",1116.38926902761
"1780","HOBO-349","HOBO-335",1145.19954593075
"5524","HOBO-349","128101",1381.57374034106
"6100","HOBO-349","HOBO-341",1442.63786169641
"5428","HOBO-349","130102",1451.68867185771
"9173","307043","335225",1266.03514959104
"8693","307043","301004",1590.52318436419
"8117","307043","357256",1900.66567286306
"5141","307043","292528",1913.50986409791
"8021","307043","361840",2059.53975441116
"5238","292528","378882",623.28564879997
"5046","292528","307043",1913.50986409791
"8118","292528","357256",2821.47656378712
"8310","292528","364070",2993.34628801948
"9174","292528","335225",3070.02752430658
"5143","378882","292528",623.28564879997
"5047","378882","307043",2531.98202995203
"8119","378882","357256",3356.78849497552
"8311","378882","364070",3402.8518921634
"9175","378882","335225",3692.05254567158
"1496","134101","SM-PG",1049.81950829655
"6008","134101","HOBO-211",1235
"8696","134101","301004",1601.29353961102
"9176","134101","335225",1608.84057631575
"8408","134101","367193",1798.29168935409
"5529","130102","128101",667.815842878858
"8985","130102","290415",853.4459561097
"1785","130102","HOBO-335",1252.95889796912
"5625","130102","130101",1265.73377927588
"6009","130102","HOBO-211",1355.57663007297
"5434","128101","130102",667.815842878858
"5722","128101","279822",814.45994376642
"5626","128101","130101",891.784727386604
"8986","128101","290415",1178.14260596924
"4954","128101","HOBO-349",1381.57374034106
"5723","130101","279822",597.515690170559
"8891","130101","268355",854.239427795276
"5531","130101","128101",891.784727386604
"5819","130101","268413",1081.06799046128
"8987","130101","290415",1098.00728595033
"5628","279822","130101",597.515690170559
"5820","279822","268413",602.146992021051
"5532","279822","128101",814.45994376642
"5916","279822","252447",1384.39878647736
"5436","279822","130102",1426.53741626359
"5725","268413","279822",602.146992021051
"5917","268413","252447",792.129408619576
"5629","268413","130101",1081.06799046128
"7933","268413","150732",1117.67839739345
"1693","268413","HOBO-304",1321.85475752822
"7934","252447","150732",715.436929435432
"5822","252447","268413",792.129408619576
"3998","252447","248762",920.961454133668
"5726","252447","279822",1384.39878647736
"1694","252447","HOBO-304",1603.29442087222
"1791","HOBO-211","HOBO-335",593.917502688715
"5343","HOBO-211","134101",1235
"1503","HOBO-211","SM-PG",1245.1610337623
"5439","HOBO-211","130102",1355.57663007297
"6207","HOBO-211","HOBO-347",1401.51953250749
"6592","HOBO-341","HOBO-351",480.210370566901
"6304","HOBO-341","HOBO-357",622.485341192867
"6400","HOBO-341","HOBO-353",869.787330328512
"6496","HOBO-341","HOBO-345",914.57585798008
"1792","HOBO-341","HOBO-335",1119.19703359149
"6401","HOBO-347","HOBO-353",448.76385772475
"6593","HOBO-347","HOBO-351",889.91741189843
"1505","HOBO-347","SM-PG",988.344575540332
"6113","HOBO-347","HOBO-341",1221.87274296467
"6017","HOBO-347","HOBO-211",1401.51953250749
"6498","HOBO-357","HOBO-345",574.394463761621
"6114","HOBO-357","HOBO-341",622.485341192867
"6594","HOBO-357","HOBO-351",659.728732131624
"6402","HOBO-357","HOBO-353",1105.44199305074
"834","HOBO-357","544292",1285.46372955444
"6211","HOBO-353","HOBO-347",448.76385772475
"6595","HOBO-353","HOBO-351",460.721173813403
"6115","HOBO-353","HOBO-341",869.787330328512
"6307","HOBO-353","HOBO-357",1105.44199305074
"835","HOBO-353","544292",1191.89974410602
"6308","HOBO-345","HOBO-357",574.394463761621
"6116","HOBO-345","HOBO-341",914.57585798008
"6788","HOBO-345","HOBO-014",1167.70929601507
"6596","HOBO-345","HOBO-351",1172.18471240671
"4964","HOBO-345","HOBO-349",1568.82535675581
"6405","HOBO-351","HOBO-353",460.721173813403
"6117","HOBO-351","HOBO-341",480.210370566901
"6309","HOBO-351","HOBO-357",659.728732131624
"6213","HOBO-351","HOBO-347",889.91741189843
"6501","HOBO-351","HOBO-345",1172.18471240671
"6886","HOBO-032","HOBO-040",583.442370761672
"6790","HOBO-032","HOBO-014",1279.89257361702
"4198","HOBO-032","HOBO-036",1648.00121359179
"6982","HOBO-032","HOBO-060",1874.31320755097
"4390","HOBO-032","SM-06",2067.08732278054
"6503","HOBO-014","HOBO-345",1167.70929601507
"6695","HOBO-014","HOBO-032",1279.89257361702
"6311","HOBO-014","HOBO-357",1656.62608937563
"4871","HOBO-014","SM-03",1742.19201008385
"6887","HOBO-014","HOBO-040",1805.19528029518
"6696","HOBO-040","HOBO-032",583.442370761672
"4200","HOBO-040","HOBO-036",1352.56238303451
"6984","HOBO-040","HOBO-060",1474.40191264119
"4392","HOBO-040","SM-06",1587.90585363239
"6792","HOBO-040","HOBO-014",1805.19528029518
"6889","HOBO-060","HOBO-040",1474.40191264119
"6697","HOBO-060","HOBO-032",1874.31320755097
"9097","HOBO-060","593665",2202.23999600407
"4393","HOBO-060","SM-06",2257.53228105381
"4777","HOBO-060","HOBO-233",2257.7528651294
"7370","076361","123545",1303.63990426805
"7274","076361","155365",2166.26914301986
"7178","076361","159408",2778.81071683553
"7466","076361","217961",3987.71037062623
"7562","076361","131067",4066.56833214444
"7371","159408","123545",1689.95917110444
"7275","159408","155365",1893.00422609143
"7083","159408","076361",2778.81071683553
"7467","159408","217961",2887.2535392653
"7563","159408","131067",3512.4784696849
"7372","155365","123545",1007.20851862958
"7468","155365","217961",1830.6119195504
"7180","155365","159408",1893.00422609143
"7564","155365","131067",2058.97838745335
"7084","155365","076361",2166.26914301986
"7277","123545","155365",1007.20851862958
"7085","123545","076361",1303.63990426805
"7181","123545","159408",1689.95917110444
"7469","123545","217961",2814.04779632472
"7565","123545","131067",3059.24909087181
"7566","217961","131067",830.144565723344
"7662","217961","207746",1375.05345350644
"7278","217961","155365",1830.6119195504
"7758","217961","257002",1949.29346174454
"7374","217961","123545",2814.04779632472
"7663","131067","207746",545.09448722217
"7471","131067","217961",830.144565723344
"7759","131067","257002",1454.24378974091
"7279","131067","155365",2058.97838745335
"7855","131067","286789",2675.99644992291
"7568","207746","131067",545.09448722217
"7760","207746","257002",1307.65630040925
"7472","207746","217961",1375.05345350644
"7280","207746","155365",2374.56690788026
"7856","207746","286789",2406.48810510254
"7857","257002","286789",1256.77126001512
"7665","257002","207746",1307.65630040925
"7569","257002","131067",1454.24378974091
"7473","257002","217961",1949.29346174454
"7953","257002","150732",2245.56117707802
"7954","286789","150732",1137.89322873458
"7762","286789","257002",1256.77126001512
"5938","286789","252447",1742.50538019255
"4018","286789","248762",2164.59349532424
"5842","286789","268413",2254.2604108665
"5939","150732","252447",715.436929435432
"5843","150732","268413",1117.67839739345
"7859","150732","286789",1137.89322873458
"4019","150732","248762",1484.39347883235
"5747","150732","279822",1554.09201786767
"8532","361840","372502",575.597949961603
"8148","361840","357256",748.375574160461
"8436","361840","367193",893.017357054162
"9204","361840","335225",1201.77576943455
"8340","361840","364070",1617.01267774869
"8053","357256","361840",748.375574160461
"8341","357256","364070",992.824254337091
"8533","357256","372502",1222.20006545573
"9205","357256","335225",1539.53791768829
"8437","357256","367193",1640.8174791853
"8342","400605","364070",1530.29572305486
"8534","400605","372502",2011.68784854907
"8150","400605","357256",2050.95709365164
"8054","400605","361840",2188.37405394964
"8438","400605","367193",2672.57497556196
"8151","364070","357256",992.824254337091
"8247","364070","400605",1530.29572305486
"8055","364070","361840",1617.01267774869
"8535","364070","372502",1885.66195273702
"8439","364070","367193",2467.01641664582
"8536","367193","372502",670.853933431116
"8056","367193","361840",893.017357054162
"9208","367193","335225",1301.58557152421
"8152","367193","357256",1640.8174791853
"1528","367193","SM-PG",1778.55278246107
"8057","372502","361840",575.597949961603
"8441","372502","367193",670.853933431116
"8153","372502","357256",1222.20006545573
"9209","372502","335225",1596.00125313234
"8345","372502","364070",1885.66195273702
"8826","287338","280500",795.666387376016
"8730","287338","301004",1003.05533247174
"9018","287338","290415",1125.1782081075
"8922","287338","268355",1426.41543738141
"5466","287338","130102",1888.77314678074
"8635","301004","287338",1003.05533247174
"9211","301004","335225",1531.00130633517
"5083","301004","307043",1590.52318436419
"5371","301004","134101",1601.29353961102
"8827","301004","280500",1773.46694358818
"9020","280500","290415",562.182354756888
"8924","280500","268355",679.885284441427
"8636","280500","287338",795.666387376016
"5660","280500","130101",1266.37474706344
"5468","280500","130102",1413.52078159467
"8829","268355","280500",679.885284441427
"5661","268355","130101",854.239427795276
"9021","268355","290415",947.589045947662
"8637","268355","287338",1426.41543738141
"5757","268355","279822",1445.42381328107
"8830","290415","280500",562.182354756888
"5470","290415","130102",853.4459561097
"8926","290415","268355",947.589045947662
"5662","290415","130101",1098.00728595033
"8638","290415","287338",1125.1782081075
"1631","593665","700226",609.026272011315
"671","593665","622337",1552.62648438058
"959","593665","700239",2088.18485771734
"7007","593665","HOBO-060",2202.23999600407
"6719","593665","HOBO-032",2398.3654850752
"8064","335225","361840",1201.77576943455
"5088","335225","307043",1266.03514959104
"8448","335225","367193",1301.58557152421
"8736","335225","301004",1531.00130633517
"8160","335225","357256",1539.53791768829
